
*** polyform demo ***

--- NFC chip (FM11NT081DS) ---
UID (7 bytes): 1D 34 9A 90 89 00 00  [check bytes ok]
serial number: 1408F525  [from the NDEF URI]
capability container: E1 10 6F 0F (NFC Forum Type 2 tag)
EEPROM dump, 924 bytes:
0000: 1D 34 9A 3B 90 89 00 00 19 A2 FF FF E1 10 6F 0F  |.4.;..........o.|
0010: 01 03 E8 0E 66 03 22 D1 01 1E 55 04 6E 66 63 2E  |....f."...U.nfc.|
0020: 73 65 73 2D 69 6D 61 67 6F 74 61 67 2E 63 6F 6D  |ses-imagotag.com|
0030: 2F 31 34 30 38 46 35 32 35 FE 00 00 00 00 00 00  |/1408F525.......|
0040: 00 00 00 00 00 00 00 00 00 00 00 00 00 00 00 00  |................|
0050: 00 00 00 00 00 00 00 00 00 00 00 00 00 00 00 00  |................|
0060: 00 00 00 00 00 00 00 00 00 00 00 00 00 00 00 00  |................|
0070: 00 00 00 00 00 00 00 00 00 00 00 00 00 00 00 00  |................|
0080: 00 00 00 00 00 00 00 00 00 00 00 00 00 00 00 00  |................|
0090: 00 00 00 00 00 00 00 00 00 00 00 00 00 00 00 00  |................|
00A0: 00 00 00 00 00 00 00 00 00 00 00 00 00 00 00 00  |................|
00B0: 00 00 00 00 00 00 00 00 00 00 00 00 00 00 00 00  |................|
00C0: 00 00 00 00 00 00 00 00 00 00 00 00 00 00 00 00  |................|
00D0: 00 00 00 00 00 00 00 00 00 00 00 00 00 00 00 00  |................|
00E0: 00 00 00 00 00 00 00 00 00 00 00 00 00 00 00 00  |................|
00F0: 00 00 00 00 00 00 00 00 00 00 00 00 00 00 00 00  |................|
0100: 00 00 00 00 00 00 00 00 00 00 00 00 00 00 00 00  |................|
0110: 00 00 00 00 00 00 00 00 00 00 00 00 00 00 00 00  |................|
0120: 00 00 00 00 00 00 00 00 00 00 00 00 00 00 00 00  |................|
0130: 00 00 00 00 00 00 00 00 00 00 00 00 00 00 00 00  |................|
0140: 00 00 00 00 00 00 00 00 00 00 00 00 00 00 00 00  |................|
0150: 00 00 00 00 00 00 00 00 00 00 00 00 00 00 00 00  |................|
0160: 00 00 00 00 00 00 00 00 00 00 00 00 00 00 00 00  |................|
0170: 00 00 00 00 00 00 00 00 00 00 00 00 00 00 00 00  |................|
0180: 00 00 00 00 00 00 00 00 00 00 00 00 00 00 00 00  |................|
0190: 00 00 00 00 00 00 00 00 00 00 00 00 00 00 00 00  |................|
01A0: 00 00 00 00 00 00 00 00 00 00 00 00 00 00 00 00  |................|
01B0: 00 00 00 00 00 00 00 00 00 00 00 00 00 00 00 00  |................|
01C0: 00 00 00 00 00 00 00 00 00 00 00 00 00 00 00 00  |................|
01D0: 00 00 00 00 00 00 00 00 00 00 00 00 00 00 00 00  |................|
01E0: 00 00 00 00 00 00 00 00 00 00 00 00 00 00 00 00  |................|
01F0: 61 09 00 02 07 01 04 00 02 FF 00 00 14 08 F5 25  |a..............%|
0200: 00 00 00 00 00 00 00 00 00 00 00 00 00 00 00 00  |................|
0210: 00 00 00 00 00 00 00 00 00 00 00 00 00 00 00 00  |................|
0220: 00 00 00 00 00 00 00 00 00 00 00 00 00 00 00 00  |................|
0230: 00 00 00 00 00 00 00 00 00 00 00 00 00 00 00 00  |................|
0240: 00 00 00 00 00 00 00 00 00 00 00 00 00 00 00 00  |................|
0250: 00 00 00 00 00 00 00 00 00 00 00 00 00 00 00 00  |................|
0260: 00 00 00 00 00 00 00 00 00 00 00 00 00 00 00 00  |................|
0270: 00 00 00 00 00 00 00 00 00 00 00 00 00 00 00 00  |................|
0280: 00 00 00 00 00 00 00 00 00 00 00 00 00 00 00 00  |................|
0290: 00 00 00 00 00 00 00 00 00 00 00 00 00 00 00 00  |................|
02A0: 00 00 00 00 00 00 00 00 00 00 00 00 00 00 00 00  |................|
02B0: 00 00 00 00 00 00 00 00 00 00 00 00 00 00 00 00  |................|
02C0: 00 00 00 00 00 00 00 00 00 00 00 00 00 00 00 00  |................|
02D0: 00 00 00 00 00 00 00 00 00 00 00 00 00 00 00 00  |................|
02E0: 00 00 00 00 00 00 00 00 00 00 00 00 00 00 00 00  |................|
02F0: 00 00 00 00 00 00 00 00 00 00 00 00 00 00 00 00  |................|
0300: 00 00 00 00 00 00 00 00 00 00 00 00 00 00 00 00  |................|
0310: 00 00 00 00 00 00 00 00 00 00 00 00 00 00 00 00  |................|
0320: 00 00 00 00 00 00 00 00 00 00 00 00 00 00 00 00  |................|
0330: 00 00 00 00 00 00 00 00 00 00 00 00 00 00 00 00  |................|
0340: 00 00 00 00 00 00 00 00 00 00 00 00 00 00 00 00  |................|
0350: 00 00 00 00 00 00 00 00 00 00 00 00 00 00 00 00  |................|
0360: 00 00 00 00 00 00 00 00 00 00 00 00 00 00 00 00  |................|
0370: 00 00 00 00 00 00 00 00 00 00 00 00 00 00 00 00  |................|
0380: 00 00 00 00 00 00 00 00 7F 3F 77 00 07 00 00 FF  |.........?w.....|
0390: 00 80 00 00 00 00 00 00 00 00 00 00              |............|
--- end of NFC dump ---
radio: ready (silicon rev 51, PLLRANGINGA 0A PLL NOT LOCKED, VCOI 92)
radio: announced
panel init ok
uploading image
refreshing
refresh done
radio: listening
radio: announced
radio: announced
radio: announced
radio: announced
radio: announced
radio: announced
